% sym unweighted
% 1000 3999 3999
1 264 1 0
1 558 1 0
1 710 1 0
1 249 1 0
1 291 1 0
1 441 1 0
2 320 1 0
2 955 1 0
2 953 1 0
2 901 1 0
2 986 1 0
2 894 1 0
2 511 1 0
2 93 1 0
3 212 1 0
3 540 1 0
3 540 1 1732846712
3 48 1 0
3 858 1 0
3 163 1 0
3 163 1 1732846712
3 508 1 0
3 770 1 0
3 421 1 0
3 643 1 0
4 318 1 0
4 464 1 0
4 139 1 0
4 329 1 0
4 689 1 0
4 384 1 0
4 963 1 0
4 963 1 1732846712
4 195 1 0
4 373 1 0
5 575 1 0
5 970 1 0
5 578 1 0
5 945 1 0
5 932 1 0
5 238 1 0
5 866 1 0
5 172 1 0
6 547 1 0
6 837 1 0
6 764 1 0
6 238 1 0
6 628 1 0
6 927 1 0
6 507 1 0
6 428 1 0
7 292 1 0
7 719 1 0
7 176 1 0
7 812 1 0
7 256 1 0
7 117 1 0
7 844 1 0
8 450 1 0
8 402 1 0
8 751 1 0
8 607 1 0
8 592 1 0
8 287 1 0
8 312 1 0
8 521 1 0
8 982 1 0
8 854 1 0
9 261 1 0
9 385 1 0
10 250 1 0
10 416 1 0
10 11 1 0
10 11 1 1732846712
10 973 1 0
10 508 1 0
10 206 1 0
10 479 1 0
10 179 1 0
10 362 1 0
10 80 1 0
11 875 1 0
11 708 1 0
11 356 1 0
11 528 1 0
11 78 1 0
11 339 1 0
11 691 1 0
12 246 1 0
12 472 1 0
12 896 1 0
12 679 1 0
12 425 1 0
12 936 1 0
12 876 1 0
12 496 1 0
12 223 1 0
12 223 1 1732846712
12 662 1 0
12 177 1 0
12 806 1 0
13 39 1 0
13 688 1 0
13 901 1 0
13 357 1 0
13 357 1 1732846712
13 914 1 0
13 784 1 0
14 167 1 0
14 295 1 0
14 591 1 0
14 573 1 0
14 779 1 0
14 285 1 0
14 693 1 0
15 632 1 0
15 51 1 0
15 376 1 0
15 497 1 0
15 178 1 0
15 338 1 0
15 149 1 0
15 337 1 0
16 493 1 0
16 389 1 0
16 41 1 0
16 913 1 0
16 982 1 0
16 31 1 0
16 250 1 0
16 778 1 0
16 589 1 0
17 578 1 0
17 830 1 0
17 469 1 0
17 744 1 0
17 422 1 0
17 165 1 0
18 648 1 0
18 68 1 0
18 452 1 0
18 410 1 0
18 850 1 0
18 920 1 0
19 846 1 0
19 45 1 0
19 258 1 0
19 635 1 0
19 826 1 0
19 497 1 0
19 861 1 0
19 476 1 0
20 101 1 0
20 294 1 0
20 873 1 0
20 54 1 0
20 115 1 0
20 776 1 0
20 935 1 0
20 567 1 0
21 342 1 0
21 375 1 0
21 375 1 1732846712
21 85 1 0
21 315 1 0
21 56 1 0
21 487 1 0
21 897 1 0
21 570 1 0
21 628 1 0
22 107 1 0
22 856 1 0
22 342 1 0
22 447 1 0
22 940 1 0
22 124 1 0
22 101 1 0
23 939 1 0
23 434 1 0
23 640 1 0
23 682 1 0
23 956 1 0
23 513 1 0
23 334 1 0
24 817 1 0
24 457 1 0
24 439 1 0
24 255 1 0
24 472 1 0
24 565 1 0
25 542 1 0
25 1000 1 0
25 178 1 0
25 518 1 0
25 90 1 0
25 905 1 0
25 933 1 0
25 835 1 0
25 120 1 0
25 232 1 0
25 952 1 0
25 573 1 0
25 245 1 0
25 460 1 0
25 460 1 1732846712
26 400 1 0
26 465 1 0
26 283 1 0
26 91 1 0
26 153 1 0
26 905 1 0
26 315 1 0
27 900 1 0
27 459 1 0
27 117 1 0
27 456 1 0
27 205 1 0
27 975 1 0
28 860 1 0
28 198 1 0
28 378 1 0
28 50 1 0
28 870 1 0
28 863 1 0
28 108 1 0
28 118 1 0
28 514 1 0
28 991 1 0
28 428 1 0
29 598 1 0
29 886 1 0
29 287 1 0
29 123 1 0
29 843 1 0
29 815 1 0
29 979 1 0
29 979 1 1732846712
30 146 1 0
30 992 1 0
30 674 1 0
30 399 1 0
30 784 1 0
30 117 1 0
30 606 1 0
30 303 1 0
30 748 1 0
30 966 1 0
30 628 1 0
30 380 1 0
31 800 1 0
31 613 1 0
31 270 1 0
32 250 1 0
32 79 1 0
32 216 1 0
32 36 1 0
32 719 1 0
32 800 1 0
32 836 1 0
32 152 1 0
33 992 1 0
33 992 1 1732846712
33 542 1 0
33 191 1 0
33 568 1 0
33 96 1 0
33 233 1 0
33 66 1 0
33 485 1 0
33 201 1 0
33 931 1 0
33 173 1 0
33 774 1 0
33 554 1 0
34 229 1 0
34 262 1 0
34 482 1 0
34 93 1 0
34 829 1 0
34 241 1 0
34 683 1 0
34 369 1 0
34 680 1 0
34 587 1 0
35 482 1 0
35 102 1 0
35 168 1 0
35 559 1 0
35 402 1 0
35 402 1 1732846712
35 297 1 0
35 294 1 0
35 448 1 0
35 702 1 0
35 90 1 0
35 156 1 0
36 335 1 0
36 598 1 0
36 962 1 0
36 503 1 0
36 69 1 0
36 112 1 0
36 739 1 0
36 399 1 0
36 905 1 0
36 697 1 0
37 450 1 0
37 756 1 0
37 158 1 0
37 307 1 0
37 374 1 0
37 505 1 0
37 892 1 0
37 107 1 0
37 968 1 0
37 692 1 0
38 903 1 0
38 872 1 0
38 382 1 0
38 623 1 0
38 791 1 0
38 791 1 1732846712
38 63 1 0
39 180 1 0
39 69 1 0
39 669 1 0
39 903 1 0
39 479 1 0
39 314 1 0
39 486 1 0
39 243 1 0
39 225 1 0
39 579 1 0
40 75 1 0
40 125 1 0
40 139 1 0
40 139 1 1732846712
40 284 1 0
40 625 1 0
40 589 1 0
40 506 1 0
41 395 1 0
41 472 1 0
41 654 1 0
41 937 1 0
41 978 1 0
41 951 1 0
41 764 1 0
41 900 1 0
41 337 1 0
41 337 1 1732846712
42 75 1 0
42 665 1 0
42 965 1 0
42 690 1 0
42 345 1 0
43 790 1 0
43 790 1 1732846712
43 433 1 0
43 342 1 0
43 557 1 0
43 414 1 0
43 860 1 0
43 519 1 0
43 797 1 0
43 988 1 0
43 715 1 0
43 381 1 0
44 93 1 0
44 820 1 0
44 110 1 0
44 213 1 0
44 466 1 0
44 598 1 0
44 941 1 0
44 808 1 0
44 295 1 0
44 811 1 0
44 556 1 0
44 297 1 0
45 220 1 0
45 878 1 0
45 359 1 0
45 627 1 0
46 625 1 0
46 736 1 0
46 428 1 0
46 396 1 0
46 401 1 0
46 51 1 0
46 270 1 0
46 479 1 0
46 658 1 0
46 838 1 0
47 232 1 0
47 78 1 0
47 888 1 0
47 983 1 0
47 755 1 0
48 182 1 0
48 638 1 0
48 990 1 0
48 713 1 0
48 126 1 0
48 892 1 0
48 759 1 0
48 56 1 0
49 180 1 0
49 988 1 0
49 414 1 0
49 346 1 0
49 522 1 0
49 604 1 0
49 604 1 1732846712
49 361 1 0
49 361 1 1732846712
49 223 1 0
50 530 1 0
50 991 1 0
50 757 1 0
50 473 1 0
50 344 1 0
50 216 1 0
50 844 1 0
51 893 1 0
51 189 1 0
51 196 1 0
51 622 1 0
52 116 1 0
52 367 1 0
52 480 1 0
52 75 1 0
52 844 1 0
53 335 1 0
53 968 1 0
53 172 1 0
53 117 1 0
53 575 1 0
53 761 1 0
53 191 1 0
53 681 1 0
53 726 1 0
54 306 1 0
54 670 1 0
54 390 1 0
54 498 1 0
54 694 1 0
54 133 1 0
54 129 1 0
54 375 1 0
54 732 1 0
55 679 1 0
55 842 1 0
55 251 1 0
55 928 1 0
55 867 1 0
55 357 1 0
55 808 1 0
56 812 1 0
56 873 1 0
56 453 1 0
56 586 1 0
56 777 1 0
56 697 1 0
56 73 1 0
57 324 1 0
57 317 1 0
57 593 1 0
57 907 1 0
57 129 1 0
57 153 1 0
57 681 1 0
57 532 1 0
58 689 1 0
58 723 1 0
58 662 1 0
59 937 1 0
59 689 1 0
59 859 1 0
59 378 1 0
59 163 1 0
59 76 1 0
60 693 1 0
60 599 1 0
60 217 1 0
60 708 1 0
60 459 1 0
60 952 1 0
60 272 1 0
60 806 1 0
61 804 1 0
61 593 1 0
61 196 1 0
61 995 1 0
61 995 1 1732846712
61 508 1 0
61 806 1 0
62 862 1 0
62 138 1 0
62 654 1 0
62 621 1 0
62 444 1 0
62 214 1 0
63 912 1 0
63 246 1 0
63 612 1 0
63 610 1 0
63 84 1 0
63 81 1 0
63 644 1 0
64 302 1 0
64 804 1 0
64 303 1 0
64 163 1 0
64 741 1 0
64 521 1 0
64 103 1 0
64 728 1 0
64 157 1 0
65 381 1 0
65 359 1 0
65 587 1 0
65 878 1 0
65 399 1 0
65 460 1 0
65 702 1 0
65 975 1 0
65 922 1 0
65 602 1 0
66 121 1 0
66 635 1 0
66 979 1 0
66 934 1 0
66 524 1 0
67 400 1 0
67 573 1 0
67 250 1 0
67 780 1 0
67 90 1 0
67 586 1 0
67 174 1 0
67 756 1 0
67 218 1 0
67 767 1 0
67 127 1 0
68 595 1 0
68 332 1 0
68 168 1 0
68 504 1 0
68 107 1 0
68 392 1 0
68 371 1 0
69 883 1 0
69 481 1 0
69 100 1 0
69 632 1 0
69 995 1 0
69 667 1 0
69 667 1 1732846712
69 198 1 0
69 527 1 0
69 852 1 0
69 621 1 0
69 982 1 0
70 240 1 0
70 501 1 0
70 148 1 0
70 643 1 0
70 643 1 1732846712
71 592 1 0
71 426 1 0
71 345 1 0
71 554 1 0
71 554 1 1732846712
71 722 1 0
71 503 1 0
71 664 1 0
71 229 1 0
72 180 1 0
72 811 1 0
72 171 1 0
72 374 1 0
72 900 1 0
72 759 1 0
72 574 1 0
73 326 1 0
73 474 1 0
73 608 1 0
73 397 1 0
73 617 1 0
74 607 1 0
74 901 1 0
74 666 1 0
74 539 1 0
74 337 1 0
74 86 1 0
74 87 1 0
74 475 1 0
75 670 1 0
75 991 1 0
75 682 1 0
75 769 1 0
75 152 1 0
75 109 1 0
75 575 1 0
75 368 1 0
75 962 1 0
75 450 1 0
75 125 1 0
76 892 1 0
76 480 1 0
76 743 1 0
76 398 1 0
76 398 1 1732846712
76 509 1 0
76 329 1 0
76 479 1 0
76 716 1 0
76 357 1 0
76 884 1 0
77 874 1 0
77 824 1 0
77 719 1 0
77 610 1 0
78 947 1 0
78 766 1 0
78 731 1 0
78 747 1 0
78 517 1 0
78 410 1 0
79 277 1 0
79 879 1 0
79 960 1 0
79 276 1 0
79 276 1 1732846712
79 752 1 0
79 621 1 0
79 349 1 0
79 155 1 0
80 254 1 0
80 763 1 0
80 456 1 0
80 834 1 0
80 754 1 0
80 754 1 1732846712
80 660 1 0
80 662 1 0
80 662 1 1732846712
80 885 1 0
80 983 1 0
80 145 1 0
80 411 1 0
80 444 1 0
80 129 1 0
81 190 1 0
81 305 1 0
81 663 1 0
81 487 1 0
81 976 1 0
81 904 1 0
81 732 1 0
81 594 1 0
81 646 1 0
81 470 1 0
81 470 1 1732846712
81 590 1 0
82 333 1 0
82 822 1 0
82 525 1 0
82 602 1 0
82 167 1 0
82 167 1 1732846712
82 95 1 0
82 284 1 0
82 875 1 0
82 92 1 0
82 233 1 0
82 110 1 0
82 840 1 0
82 423 1 0
82 169 1 0
83 326 1 0
83 786 1 0
83 152 1 0
83 917 1 0
84 565 1 0
84 565 1 1732846712
84 111 1 0
84 966 1 0
84 564 1 0
84 643 1 0
85 505 1 0
85 113 1 0
85 711 1 0
85 992 1 0
86 404 1 0
86 535 1 0
86 491 1 0
87 855 1 0
87 465 1 0
87 440 1 0
87 934 1 0
87 641 1 0
87 633 1 0
87 826 1 0
87 572 1 0
87 803 1 0
87 283 1 0
87 710 1 0
87 693 1 0
88 422 1 0
88 554 1 0
88 119 1 0
88 413 1 0
88 928 1 0
88 928 1 1732846712
88 748 1 0
88 351 1 0
89 234 1 0
89 564 1 0
89 857 1 0
89 725 1 0
89 989 1 0
89 908 1 0
90 768 1 0
90 414 1 0
90 666 1 0
90 293 1 0
90 473 1 0
90 119 1 0
90 317 1 0
90 283 1 0
91 745 1 0
91 815 1 0
91 310 1 0
91 676 1 0
91 538 1 0
91 606 1 0
91 141 1 0
91 749 1 0
91 472 1 0
91 103 1 0
92 235 1 0
92 107 1 0
92 399 1 0
92 567 1 0
92 988 1 0
92 810 1 0
92 828 1 0
92 223 1 0
92 678 1 0
92 120 1 0
92 217 1 0
93 105 1 0
93 582 1 0
93 509 1 0
93 448 1 0
94 807 1 0
94 176 1 0
94 411 1 0
94 322 1 0
94 599 1 0
94 727 1 0
94 342 1 0
94 342 1 1732846712
94 454 1 0
94 454 1 1732846712
95 756 1 0
95 368 1 0
95 896 1 0
95 536 1 0
95 804 1 0
96 590 1 0
96 485 1 0
96 891 1 0
96 500 1 0
96 659 1 0
96 659 1 1732846712
96 731 1 0
96 354 1 0
96 369 1 0
96 141 1 0
97 860 1 0
97 968 1 0
97 670 1 0
97 332 1 0
97 529 1 0
97 661 1 0
98 204 1 0
98 181 1 0
98 833 1 0
98 175 1 0
98 151 1 0
98 771 1 0
98 689 1 0
98 636 1 0
99 541 1 0
99 604 1 0
99 746 1 0
99 984 1 0
99 292 1 0
99 934 1 0
100 659 1 0
100 941 1 0
100 433 1 0
100 892 1 0
100 892 1 1732846712
100 706 1 0
100 655 1 0
101 988 1 0
101 988 1 1732846712
101 275 1 0
101 219 1 0
101 431 1 0
101 327 1 0
101 327 1 1732846712
101 353 1 0
101 653 1 0
101 771 1 0
102 483 1 0
102 585 1 0
102 121 1 0
102 258 1 0
102 973 1 0
102 672 1 0
102 784 1 0
103 813 1 0
103 577 1 0
103 393 1 0
103 549 1 0
104 550 1 0
104 222 1 0
104 222 1 1732846712
104 960 1 0
104 663 1 0
104 363 1 0
104 703 1 0
105 711 1 0
105 901 1 0
105 119 1 0
105 638 1 0
105 552 1 0
105 570 1 0
105 439 1 0
105 986 1 0
105 153 1 0
105 578 1 0
105 578 1 1732846712
105 294 1 0
105 703 1 0
105 280 1 0
105 681 1 0
105 293 1 0
105 147 1 0
106 602 1 0
106 170 1 0
106 230 1 0
106 375 1 0
106 601 1 0
106 721 1 0
106 541 1 0
106 669 1 0
106 362 1 0
107 748 1 0
107 215 1 0
107 185 1 0
107 969 1 0
107 969 1 1732846712
107 636 1 0
107 221 1 0
108 132 1 0
108 132 1 1732846712
108 343 1 0
108 343 1 1732846712
108 390 1 0
108 141 1 0
108 351 1 0
108 972 1 0
108 848 1 0
108 234 1 0
109 751 1 0
109 157 1 0
109 767 1 0
109 974 1 0
109 913 1 0
109 246 1 0
109 851 1 0
110 839 1 0
110 151 1 0
110 596 1 0
110 842 1 0
111 438 1 0
111 935 1 0
111 749 1 0
111 756 1 0
111 462 1 0
111 471 1 0
111 836 1 0
111 165 1 0
112 263 1 0
112 563 1 0
112 258 1 0
112 895 1 0
112 923 1 0
112 570 1 0
113 211 1 0
113 240 1 0
113 240 1 1732846712
113 884 1 0
113 604 1 0
113 360 1 0
113 814 1 0
114 810 1 0
114 199 1 0
114 656 1 0
114 953 1 0
114 211 1 0
114 381 1 0
115 135 1 0
115 122 1 0
115 122 1 1732846712
115 376 1 0
115 555 1 0
115 986 1 0
116 133 1 0
116 362 1 0
116 362 1 1732846712
116 257 1 0
116 561 1 0
116 985 1 0
116 985 1 1732846712
116 908 1 0
116 624 1 0
116 581 1 0
116 551 1 0
117 189 1 0
117 616 1 0
117 124 1 0
117 211 1 0
117 287 1 0
117 287 1 1732846712
117 939 1 0
117 915 1 0
118 990 1 0
118 357 1 0
118 602 1 0
118 602 1 1732846712
118 687 1 0
118 672 1 0
118 260 1 0
119 707 1 0
119 396 1 0
119 740 1 0
119 763 1 0
119 773 1 0
119 559 1 0
120 856 1 0
120 953 1 0
120 287 1 0
120 501 1 0
120 802 1 0
120 692 1 0
120 379 1 0
120 305 1 0
121 917 1 0
121 648 1 0
121 276 1 0
121 180 1 0
121 535 1 0
121 616 1 0
121 722 1 0
121 621 1 0
122 727 1 0
122 712 1 0
122 719 1 0
122 620 1 0
122 843 1 0
122 683 1 0
122 469 1 0
122 173 1 0
122 583 1 0
123 644 1 0
123 314 1 0
123 314 1 1732846712
123 519 1 0
123 844 1 0
123 508 1 0
123 345 1 0
123 858 1 0
123 769 1 0
124 883 1 0
124 959 1 0
124 959 1 1732846712
124 537 1 0
124 967 1 0
124 380 1 0
124 142 1 0
124 960 1 0
124 661 1 0
124 187 1 0
124 896 1 0
124 636 1 0
125 737 1 0
125 320 1 0
125 330 1 0
125 885 1 0
125 325 1 0
125 338 1 0
125 833 1 0
125 259 1 0
125 304 1 0
125 263 1 0
125 972 1 0
125 301 1 0
125 912 1 0
126 859 1 0
126 784 1 0
126 768 1 0
126 831 1 0
126 807 1 0
127 303 1 0
127 841 1 0
127 425 1 0
127 482 1 0
127 300 1 0
127 201 1 0
127 198 1 0
127 222 1 0
128 993 1 0
128 608 1 0
128 224 1 0
128 570 1 0
128 195 1 0
128 229 1 0
128 980 1 0
128 232 1 0
128 930 1 0
128 528 1 0
129 292 1 0
129 583 1 0
129 860 1 0
129 726 1 0
129 187 1 0
129 269 1 0
129 231 1 0
129 429 1 0
129 429 1 1732846712
129 853 1 0
129 727 1 0
129 573 1 0
129 548 1 0
130 730 1 0
130 520 1 0
130 561 1 0
130 845 1 0
130 290 1 0
130 801 1 0
130 983 1 0
130 754 1 0
130 616 1 0
131 245 1 0
131 997 1 0
131 546 1 0
131 686 1 0
131 996 1 0
131 549 1 0
132 485 1 0
132 541 1 0
132 674 1 0
132 674 1 1732846712
132 273 1 0
132 853 1 0
132 317 1 0
133 829 1 0
133 894 1 0
133 663 1 0
133 798 1 0
133 648 1 0
133 825 1 0
133 640 1 0
134 431 1 0
134 963 1 0
134 826 1 0
135 344 1 0
135 298 1 0
135 606 1 0
135 752 1 0
135 545 1 0
135 727 1 0
135 812 1 0
135 396 1 0
136 932 1 0
136 768 1 0
136 768 1 1732846712
136 265 1 0
136 423 1 0
136 958 1 0
136 328 1 0
136 615 1 0
136 250 1 0
137 810 1 0
137 735 1 0
137 765 1 0
137 668 1 0
137 417 1 0
137 904 1 0
138 726 1 0
138 753 1 0
138 753 1 1732846712
138 680 1 0
138 462 1 0
138 764 1 0
138 645 1 0
138 271 1 0
138 561 1 0
138 176 1 0
138 397 1 0
139 586 1 0
139 717 1 0
139 717 1 1732846712
139 177 1 0
139 185 1 0
139 996 1 0
139 878 1 0
139 148 1 0
139 155 1 0
140 857 1 0
140 791 1 0
140 870 1 0
140 418 1 0
140 655 1 0
140 334 1 0
140 515 1 0
140 714 1 0
140 851 1 0
140 971 1 0
140 881 1 0
140 296 1 0
140 410 1 0
140 141 1 0
141 971 1 0
141 374 1 0
141 399 1 0
141 169 1 0
141 676 1 0
141 552 1 0
141 496 1 0
142 950 1 0
142 442 1 0
142 548 1 0
142 548 1 1732846712
142 929 1 0
142 770 1 0
142 748 1 0
142 477 1 0
143 266 1 0
143 891 1 0
143 596 1 0
143 315 1 0
144 488 1 0
144 542 1 0
144 783 1 0
144 889 1 0
144 786 1 0
144 832 1 0
144 904 1 0
145 677 1 0
145 550 1 0
145 554 1 0
145 999 1 0
145 590 1 0
145 452 1 0
145 752 1 0
145 968 1 0
146 971 1 0
146 829 1 0
146 358 1 0
146 866 1 0
146 616 1 0
146 474 1 0
146 553 1 0
146 553 1 1732846712
146 188 1 0
146 303 1 0
147 253 1 0
147 613 1 0
147 523 1 0
147 877 1 0
148 854 1 0
148 516 1 0
148 165 1 0
148 606 1 0
148 330 1 0
148 873 1 0
148 978 1 0
149 575 1 0
149 259 1 0
149 845 1 0
149 210 1 0
149 938 1 0
149 789 1 0
149 716 1 0
149 229 1 0
150 580 1 0
150 811 1 0
150 623 1 0
150 520 1 0
150 938 1 0
151 917 1 0
151 927 1 0
151 927 1 1732846712
151 787 1 0
151 531 1 0
152 156 1 0
152 707 1 0
152 819 1 0
152 603 1 0
152 366 1 0
152 163 1 0
152 843 1 0
152 275 1 0
152 653 1 0
153 485 1 0
153 877 1 0
153 978 1 0
153 438 1 0
153 411 1 0
153 411 1 1732846712
153 759 1 0
153 902 1 0
153 306 1 0
154 871 1 0
154 502 1 0
154 502 1 1732846712
154 419 1 0
154 372 1 0
154 259 1 0
154 569 1 0
154 233 1 0
154 769 1 0
154 399 1 0
154 612 1 0
154 891 1 0
155 722 1 0
155 304 1 0
155 456 1 0
155 251 1 0
155 581 1 0
155 457 1 0
156 493 1 0
156 848 1 0
156 918 1 0
156 963 1 0
156 679 1 0
157 385 1 0
157 848 1 0
157 451 1 0
157 965 1 0
157 410 1 0
157 940 1 0
157 600 1 0
158 264 1 0
158 682 1 0
158 770 1 0
159 711 1 0
159 566 1 0
159 586 1 0
159 328 1 0
159 188 1 0
159 445 1 0
159 782 1 0
159 295 1 0
160 701 1 0
160 526 1 0
160 355 1 0
160 476 1 0
160 394 1 0
160 979 1 0
160 440 1 0
161 333 1 0
161 718 1 0
161 481 1 0
161 608 1 0
161 172 1 0
161 610 1 0
161 959 1 0
161 925 1 0
161 251 1 0
162 889 1 0
162 900 1 0
162 269 1 0
162 419 1 0
162 736 1 0
163 854 1 0
163 715 1 0
163 918 1 0
163 824 1 0
163 562 1 0
164 483 1 0
164 499 1 0
164 768 1 0
164 524 1 0
165 533 1 0
165 642 1 0
165 648 1 0
165 384 1 0
165 627 1 0
165 734 1 0
165 388 1 0
165 453 1 0
166 309 1 0
166 417 1 0
166 638 1 0
166 178 1 0
166 366 1 0
166 310 1 0
167 344 1 0
167 248 1 0
167 664 1 0
167 751 1 0
167 786 1 0
168 891 1 0
168 407 1 0
168 407 1 1732846712
168 978 1 0
168 200 1 0
169 577 1 0
169 816 1 0
169 868 1 0
169 800 1 0
169 870 1 0
169 519 1 0
169 705 1 0
169 670 1 0
170 770 1 0
170 472 1 0
170 525 1 0
171 779 1 0
171 779 1 1732846712
171 582 1 0
171 191 1 0
171 933 1 0
171 536 1 0
171 474 1 0
171 417 1 0
171 996 1 0
171 653 1 0
172 595 1 0
172 542 1 0
172 542 1 1732846712
172 994 1 0
173 390 1 0
173 995 1 0
173 612 1 0
174 727 1 0
174 969 1 0
174 956 1 0
174 345 1 0
174 259 1 0
174 259 1 1732846712
174 911 1 0
175 235 1 0
175 957 1 0
175 312 1 0
175 715 1 0
175 622 1 0
175 712 1 0
176 886 1 0
176 220 1 0
176 261 1 0
176 442 1 0
177 724 1 0
177 321 1 0
177 410 1 0
177 287 1 0
177 793 1 0
177 793 1 1732846712
178 924 1 0
178 924 1 1732846712
178 589 1 0
178 508 1 0
178 357 1 0
178 297 1 0
178 718 1 0
179 979 1 0
179 391 1 0
179 867 1 0
179 733 1 0
179 515 1 0
179 550 1 0
179 453 1 0
179 736 1 0
180 302 1 0
180 589 1 0
180 304 1 0
180 871 1 0
180 282 1 0
180 282 1 1732846712
180 205 1 0
180 859 1 0
180 859 1 1732846712
180 737 1 0
181 238 1 0
181 534 1 0
181 345 1 0
181 743 1 0
181 508 1 0
181 804 1 0
181 768 1 0
181 813 1 0
181 621 1 0
181 802 1 0
182 385 1 0
182 385 1 1732846712
183 267 1 0
183 886 1 0
183 548 1 0
183 585 1 0
183 538 1 0
183 993 1 0
183 695 1 0
183 695 1 1732846712
184 443 1 0
184 876 1 0
184 709 1 0
184 421 1 0
184 327 1 0
184 534 1 0
185 293 1 0
185 243 1 0
185 487 1 0
185 555 1 0
185 303 1 0
185 299 1 0
185 794 1 0
185 794 1 1732846712
186 436 1 0
186 513 1 0
186 433 1 0
186 697 1 0
186 619 1 0
186 303 1 0
187 737 1 0
187 454 1 0
187 967 1 0
188 907 1 0
188 619 1 0
188 916 1 0
188 916 1 1732846712
188 727 1 0
188 692 1 0
188 830 1 0
188 782 1 0
189 536 1 0
189 213 1 0
189 773 1 0
189 265 1 0
189 276 1 0
189 474 1 0
189 772 1 0
189 976 1 0
190 235 1 0
190 790 1 0
190 979 1 0
190 330 1 0
190 248 1 0
190 766 1 0
190 864 1 0
191 743 1 0
191 891 1 0
191 888 1 0
191 842 1 0
191 776 1 0
191 949 1 0
191 445 1 0
191 741 1 0
192 399 1 0
192 316 1 0
192 602 1 0
192 560 1 0
192 771 1 0
192 539 1 0
192 336 1 0
192 336 1 1732846712
192 933 1 0
192 521 1 0
192 505 1 0
192 301 1 0
192 323 1 0
193 533 1 0
193 366 1 0
193 863 1 0
193 300 1 0
193 633 1 0
193 330 1 0
194 942 1 0
194 770 1 0
194 929 1 0
194 689 1 0
194 408 1 0
195 262 1 0
195 386 1 0
195 395 1 0
195 536 1 0
196 380 1 0
196 718 1 0
196 670 1 0
196 421 1 0
196 463 1 0
196 463 1 1732846712
196 534 1 0
196 832 1 0
197 522 1 0
197 533 1 0
197 700 1 0
197 541 1 0
197 346 1 0
197 238 1 0
197 867 1 0
197 263 1 0
197 718 1 0
197 218 1 0
197 819 1 0
198 882 1 0
198 750 1 0
198 423 1 0
198 423 1 1732846712
198 969 1 0
199 589 1 0
199 323 1 0
199 352 1 0
199 686 1 0
199 283 1 0
200 483 1 0
200 372 1 0
200 818 1 0
200 377 1 0
200 534 1 0
200 867 1 0
200 736 1 0
201 608 1 0
201 365 1 0
201 817 1 0
201 632 1 0
201 582 1 0
202 307 1 0
202 983 1 0
202 734 1 0
202 353 1 0
202 269 1 0
202 271 1 0
203 733 1 0
203 437 1 0
203 207 1 0
203 866 1 0
203 523 1 0
203 523 1 1732846712
204 751 1 0
204 746 1 0
204 942 1 0
204 238 1 0
204 211 1 0
204 493 1 0
204 587 1 0
204 895 1 0
205 223 1 0
205 497 1 0
205 346 1 0
205 245 1 0
205 219 1 0
206 771 1 0
206 432 1 0
206 441 1 0
206 856 1 0
206 856 1 1732846712
206 584 1 0
206 461 1 0
206 613 1 0
206 559 1 0
206 659 1 0
206 324 1 0
206 643 1 0
207 641 1 0
207 800 1 0
207 325 1 0
208 450 1 0
208 770 1 0
208 327 1 0
208 292 1 0
208 261 1 0
208 933 1 0
208 678 1 0
208 888 1 0
209 711 1 0
209 491 1 0
209 491 1 1732846712
209 870 1 0
209 576 1 0
209 400 1 0
209 788 1 0
210 712 1 0
210 867 1 0
210 337 1 0
210 489 1 0
210 571 1 0
210 255 1 0
210 558 1 0
210 631 1 0
210 372 1 0
210 613 1 0
210 508 1 0
211 398 1 0
211 318 1 0
211 492 1 0
211 307 1 0
211 975 1 0
211 637 1 0
211 683 1 0
211 529 1 0
212 992 1 0
212 569 1 0
212 278 1 0
212 434 1 0
212 840 1 0
213 942 1 0
213 236 1 0
213 557 1 0
213 724 1 0
213 969 1 0
213 620 1 0
214 684 1 0
214 448 1 0
214 643 1 0
214 617 1 0
215 302 1 0
215 710 1 0
215 388 1 0
215 688 1 0
216 254 1 0
216 638 1 0
216 675 1 0
216 919 1 0
216 294 1 0
216 378 1 0
217 650 1 0
217 221 1 0
217 221 1 1732846712
217 798 1 0
217 971 1 0
217 466 1 0
218 307 1 0
218 907 1 0
218 689 1 0
218 469 1 0
219 741 1 0
219 902 1 0
219 288 1 0
219 529 1 0
219 650 1 0
219 951 1 0
220 396 1 0
220 475 1 0
220 766 1 0
220 318 1 0
221 974 1 0
221 453 1 0
221 779 1 0
221 961 1 0
221 625 1 0
222 932 1 0
222 821 1 0
222 474 1 0
222 747 1 0
222 747 1 1732846712
222 708 1 0
222 956 1 0
223 600 1 0
223 703 1 0
223 662 1 0
223 414 1 0
223 321 1 0
223 552 1 0
223 368 1 0
223 418 1 0
223 371 1 0
224 452 1 0
224 271 1 0
224 886 1 0
224 621 1 0
224 577 1 0
224 712 1 0
224 925 1 0
225 545 1 0
225 545 1 1732846712
225 417 1 0
225 696 1 0
225 539 1 0
225 636 1 0
225 891 1 0
225 891 1 1732846712
226 235 1 0
226 758 1 0
226 729 1 0
226 666 1 0
226 801 1 0
226 748 1 0
226 611 1 0
226 913 1 0
226 750 1 0
226 348 1 0
227 546 1 0
227 269 1 0
227 398 1 0
227 487 1 0
227 355 1 0
227 699 1 0
228 714 1 0
228 442 1 0
228 817 1 0
228 509 1 0
228 565 1 0
228 565 1 1732846712
228 838 1 0
228 994 1 0
228 589 1 0
229 421 1 0
229 421 1 1732846712
229 702 1 0
229 888 1 0
229 958 1 0
229 881 1 0
229 669 1 0
229 678 1 0
229 578 1 0
229 317 1 0
229 689 1 0
229 240 1 0
230 963 1 0
230 312 1 0
230 988 1 0
231 489 1 0
231 519 1 0
231 648 1 0
231 939 1 0
232 585 1 0
232 972 1 0
232 255 1 0
232 379 1 0
232 882 1 0
232 946 1 0
232 698 1 0
232 561 1 0
232 703 1 0
232 781 1 0
232 488 1 0
232 488 1 1732846712
232 699 1 0
232 583 1 0
233 421 1 0
233 828 1 0
233 255 1 0
233 307 1 0
233 307 1 1732846712
234 727 1 0
234 515 1 0
234 316 1 0
234 652 1 0
234 739 1 0
234 504 1 0
234 443 1 0
234 629 1 0
234 829 1 0
234 376 1 0
235 556 1 0
235 594 1 0
235 389 1 0
235 268 1 0
235 525 1 0
235 614 1 0
235 292 1 0
235 929 1 0
236 264 1 0
236 928 1 0
236 701 1 0
236 851 1 0
236 730 1 0
236 825 1 0
237 595 1 0
237 534 1 0
237 643 1 0
237 311 1 0
237 304 1 0
237 850 1 0
237 255 1 0
237 940 1 0
237 980 1 0
237 430 1 0
237 455 1 0
237 720 1 0
238 727 1 0
238 674 1 0
238 743 1 0
238 375 1 0
239 565 1 0
239 430 1 0
239 874 1 0
239 896 1 0
239 368 1 0
239 873 1 0
239 690 1 0
239 690 1 1732846712
240 505 1 0
240 734 1 0
240 626 1 0
240 366 1 0
240 693 1 0
240 797 1 0
240 984 1 0
240 546 1 0
241 797 1 0
241 814 1 0
241 878 1 0
241 575 1 0
241 508 1 0
241 309 1 0
242 470 1 0
242 847 1 0
242 364 1 0
243 293 1 0
244 401 1 0
244 497 1 0
244 398 1 0
244 310 1 0
245 559 1 0
245 718 1 0
245 285 1 0
245 296 1 0
245 720 1 0
246 423 1 0
246 415 1 0
246 476 1 0
246 876 1 0
246 927 1 0
246 710 1 0
246 566 1 0
246 475 1 0
246 305 1 0
246 842 1 0
246 842 1 1732846712
246 334 1 0
247 913 1 0
247 819 1 0
247 747 1 0
247 404 1 0
247 301 1 0
248 535 1 0
248 868 1 0
248 461 1 0
248 738 1 0
248 738 1 1732846712
248 748 1 0
248 914 1 0
249 684 1 0
249 894 1 0
249 510 1 0
249 994 1 0
249 796 1 0
249 916 1 0
249 869 1 0
250 475 1 0
250 740 1 0
250 451 1 0
250 859 1 0
250 704 1 0
250 527 1 0
250 661 1 0
250 433 1 0
251 319 1 0
251 399 1 0
251 399 1 1732846712
251 508 1 0
251 828 1 0
251 625 1 0
252 960 1 0
252 647 1 0
252 898 1 0
252 728 1 0
253 389 1 0
253 688 1 0
253 991 1 0
253 615 1 0
253 750 1 0
254 482 1 0
254 421 1 0
254 988 1 0
254 812 1 0
254 677 1 0
254 307 1 0
254 908 1 0
254 524 1 0
254 402 1 0
255 543 1 0
255 543 1 1732846712
255 796 1 0
255 877 1 0
255 480 1 0
255 576 1 0
256 683 1 0
256 569 1 0
256 655 1 0
257 393 1 0
257 479 1 0
257 851 1 0
257 693 1 0
257 377 1 0
257 613 1 0
258 966 1 0
258 597 1 0
258 710 1 0
258 455 1 0
258 455 1 1732846712
258 700 1 0
259 498 1 0
259 458 1 0
259 600 1 0
259 987 1 0
259 967 1 0
260 676 1 0
260 332 1 0
260 786 1 0
261 579 1 0
261 621 1 0
261 354 1 0
261 711 1 0
261 701 1 0
262 556 1 0
262 968 1 0
262 421 1 0
262 318 1 0
262 472 1 0
262 658 1 0
262 282 1 0
263 469 1 0
263 555 1 0
263 1000 1 0
263 304 1 0
263 528 1 0
263 545 1 0
263 855 1 0
264 500 1 0
264 762 1 0
264 563 1 0
264 754 1 0
264 363 1 0
264 713 1 0
265 523 1 0
265 724 1 0
265 900 1 0
265 900 1 1732846712
265 567 1 0
265 384 1 0
265 732 1 0
265 412 1 0
266 752 1 0
266 949 1 0
266 686 1 0
266 545 1 0
266 642 1 0
266 785 1 0
266 498 1 0
266 425 1 0
266 713 1 0
266 998 1 0
266 397 1 0
267 737 1 0
267 323 1 0
267 457 1 0
267 897 1 0
267 452 1 0
267 905 1 0
267 723 1 0
267 637 1 0
267 637 1 1732846712
267 537 1 0
267 820 1 0
268 914 1 0
268 400 1 0
268 306 1 0
268 289 1 0
268 445 1 0
269 699 1 0
269 836 1 0
269 722 1 0
270 843 1 0
270 819 1 0
270 541 1 0
270 456 1 0
270 294 1 0
270 968 1 0
270 524 1 0
271 432 1 0
271 964 1 0
271 796 1 0
271 894 1 0
271 374 1 0
271 527 1 0
272 829 1 0
272 612 1 0
273 906 1 0
273 764 1 0
273 640 1 0
273 653 1 0
273 793 1 0
274 798 1 0
274 480 1 0
274 401 1 0
274 365 1 0
275 841 1 0
275 666 1 0
275 775 1 0
275 518 1 0
275 814 1 0
275 972 1 0
276 747 1 0
276 631 1 0
276 528 1 0
276 371 1 0
276 925 1 0
276 656 1 0
277 899 1 0
277 568 1 0
277 990 1 0
277 546 1 0
277 679 1 0
277 292 1 0
277 560 1 0
277 579 1 0
277 793 1 0
277 793 1 1732846712
277 900 1 0
277 952 1 0
277 952 1 1732846712
277 309 1 0
277 502 1 0
278 399 1 0
278 514 1 0
278 694 1 0
278 836 1 0
279 895 1 0
279 390 1 0
279 833 1 0
279 672 1 0
279 759 1 0
279 344 1 0
279 775 1 0
279 775 1 1732846712
279 535 1 0
279 854 1 0
279 329 1 0
280 488 1 0
280 353 1 0
280 582 1 0
281 486 1 0
281 857 1 0
281 999 1 0
281 926 1 0
281 791 1 0
281 930 1 0
281 725 1 0
281 788 1 0
282 849 1 0
282 466 1 0
282 770 1 0
282 287 1 0
282 355 1 0
282 798 1 0
282 308 1 0
282 997 1 0
282 400 1 0
283 879 1 0
283 514 1 0
283 802 1 0
283 802 1 1732846712
284 917 1 0
284 583 1 0
284 398 1 0
284 349 1 0
284 974 1 0
284 859 1 0
284 904 1 0
285 754 1 0
285 943 1 0
285 678 1 0
285 607 1 0
285 905 1 0
285 923 1 0
285 899 1 0
285 899 1 1732846712
286 729 1 0
286 841 1 0
286 606 1 0
286 418 1 0
286 418 1 1732846712
287 861 1 0
287 920 1 0
287 362 1 0
287 730 1 0
288 502 1 0
288 557 1 0
288 771 1 0
289 821 1 0
289 486 1 0
290 914 1 0
290 844 1 0
290 699 1 0
290 463 1 0
290 397 1 0
291 482 1 0
291 617 1 0
292 917 1 0
292 380 1 0
292 336 1 0
292 336 1 1732846712
292 600 1 0
292 372 1 0
292 869 1 0
292 777 1 0
292 322 1 0
293 594 1 0
293 575 1 0
293 683 1 0
293 451 1 0
293 622 1 0
293 948 1 0
293 602 1 0
294 821 1 0
294 319 1 0
294 676 1 0
294 595 1 0
294 367 1 0
294 778 1 0
295 701 1 0
295 852 1 0
295 974 1 0
295 687 1 0
296 760 1 0
296 597 1 0
296 626 1 0
296 520 1 0
296 582 1 0
296 345 1 0
296 409 1 0
296 889 1 0
296 719 1 0
297 506 1 0
297 538 1 0
297 753 1 0
297 633 1 0
297 767 1 0
298 540 1 0
298 540 1 1732846712
298 728 1 0
298 652 1 0
299 843 1 0
299 960 1 0
299 744 1 0
299 585 1 0
299 587 1 0
299 801 1 0
299 923 1 0
300 860 1 0
300 420 1 0
300 420 1 1732846712
300 720 1 0
301 615 1 0
301 670 1 0
301 675 1 0
301 551 1 0
301 760 1 0
302 556 1 0
302 556 1 1732846712
302 361 1 0
302 679 1 0
302 422 1 0
302 551 1 0
302 839 1 0
302 839 1 1732846712
302 363 1 0
302 684 1 0
302 684 1 1732846712
302 997 1 0
302 904 1 0
303 412 1 0
303 882 1 0
303 342 1 0
303 528 1 0
303 918 1 0
304 846 1 0
304 800 1 0
304 477 1 0
304 842 1 0
304 553 1 0
305 714 1 0
306 650 1 0
306 667 1 0
306 486 1 0
306 557 1 0
306 351 1 0
307 916 1 0
307 762 1 0
307 575 1 0
307 887 1 0
308 355 1 0
308 819 1 0
308 337 1 0
308 833 1 0
308 582 1 0
308 783 1 0
308 715 1 0
308 667 1 0
308 545 1 0
309 604 1 0
309 427 1 0
309 649 1 0
309 737 1 0
309 606 1 0
309 912 1 0
309 411 1 0
309 539 1 0
310 898 1 0
310 544 1 0
311 754 1 0
311 577 1 0
311 429 1 0
312 870 1 0
312 447 1 0
312 906 1 0
312 519 1 0
312 519 1 1732846712
312 483 1 0
313 945 1 0
313 490 1 0
314 793 1 0
314 718 1 0
315 960 1 0
315 944 1 0
315 959 1 0
315 627 1 0
315 427 1 0
315 597 1 0
315 618 1 0
316 899 1 0
316 834 1 0
317 831 1 0
317 411 1 0
318 394 1 0
318 645 1 0
318 790 1 0
318 605 1 0
318 439 1 0
318 340 1 0
319 760 1 0
319 449 1 0
319 381 1 0
319 943 1 0
319 410 1 0
319 656 1 0
319 451 1 0
319 406 1 0
319 565 1 0
320 396 1 0
320 460 1 0
320 546 1 0
321 362 1 0
321 839 1 0
321 908 1 0
321 970 1 0
321 477 1 0
322 827 1 0
322 905 1 0
322 433 1 0
322 523 1 0
322 559 1 0
322 624 1 0
322 558 1 0
323 873 1 0
323 524 1 0
323 438 1 0
323 594 1 0
323 904 1 0
323 543 1 0
324 726 1 0
324 813 1 0
324 747 1 0
324 465 1 0
324 359 1 0
325 376 1 0
325 357 1 0
325 680 1 0
325 492 1 0
326 832 1 0
326 576 1 0
326 970 1 0
326 666 1 0
326 637 1 0
327 982 1 0
327 342 1 0
327 570 1 0
327 504 1 0
327 762 1 0
328 513 1 0
328 407 1 0
328 334 1 0
328 334 1 1732846712
328 556 1 0
328 464 1 0
328 679 1 0
329 901 1 0
329 849 1 0
329 353 1 0
329 486 1 0
329 707 1 0
329 589 1 0
330 754 1 0
330 754 1 1732846712
330 537 1 0
330 624 1 0
330 552 1 0
330 457 1 0
330 509 1 0
330 822 1 0
330 724 1 0
330 755 1 0
331 726 1 0
331 521 1 0
331 526 1 0
332 637 1 0
332 794 1 0
332 925 1 0
332 561 1 0
333 754 1 0
334 559 1 0
334 463 1 0
334 463 1 1732846712
334 734 1 0
334 998 1 0
335 760 1 0
335 755 1 0
335 781 1 0
335 781 1 1732846712
335 577 1 0
335 579 1 0
335 579 1 1732846712
335 964 1 0
336 461 1 0
336 476 1 0
336 691 1 0
336 388 1 0
337 610 1 0
337 493 1 0
337 808 1 0
337 877 1 0
337 877 1 1732846712
338 832 1 0
338 843 1 0
339 378 1 0
339 404 1 0
339 881 1 0
339 506 1 0
339 523 1 0
340 530 1 0
340 549 1 0
340 669 1 0
340 763 1 0
340 994 1 0
340 694 1 0
341 627 1 0
341 627 1 1732846712
341 546 1 0
341 521 1 0
341 973 1 0
341 400 1 0
342 699 1 0
342 538 1 0
342 489 1 0
342 960 1 0
342 754 1 0
343 1000 1 0
343 392 1 0
343 765 1 0
343 576 1 0
343 689 1 0
344 744 1 0
344 789 1 0
344 789 1 1732846712
344 394 1 0
344 939 1 0
344 494 1 0
344 366 1 0
344 553 1 0
344 733 1 0
345 401 1 0
345 370 1 0
345 633 1 0
345 493 1 0
345 496 1 0
345 392 1 0
345 395 1 0
346 526 1 0
346 525 1 0
346 538 1 0
346 632 1 0
347 492 1 0
347 891 1 0
347 581 1 0
347 581 1 1732846712
347 948 1 0
347 366 1 0
347 936 1 0
347 848 1 0
347 803 1 0
347 521 1 0
347 484 1 0
347 395 1 0
348 747 1 0
348 971 1 0
348 805 1 0
349 670 1 0
349 740 1 0
349 583 1 0
349 390 1 0
349 624 1 0
349 668 1 0
349 609 1 0
350 499 1 0
350 603 1 0
350 684 1 0
351 479 1 0
351 874 1 0
351 716 1 0
351 587 1 0
351 587 1 1732846712
351 702 1 0
352 432 1 0
352 436 1 0
352 905 1 0
352 902 1 0
353 976 1 0
353 387 1 0
353 800 1 0
353 773 1 0
354 773 1 0
354 554 1 0
355 866 1 0
355 949 1 0
355 508 1 0
356 702 1 0
356 389 1 0
357 847 1 0
357 563 1 0
357 601 1 0
357 976 1 0
358 932 1 0
358 858 1 0
358 474 1 0
358 991 1 0
358 394 1 0
359 419 1 0
359 897 1 0
359 958 1 0
359 999 1 0
359 925 1 0
359 712 1 0
359 379 1 0
359 641 1 0
360 746 1 0
360 821 1 0
360 405 1 0
360 724 1 0
361 482 1 0
361 879 1 0
361 377 1 0
361 799 1 0
361 408 1 0
361 508 1 0
361 740 1 0
361 586 1 0
361 559 1 0
362 944 1 0
362 944 1 1732846712
362 981 1 0
362 984 1 0
362 421 1 0
362 435 1 0
362 810 1 0
362 834 1 0
362 493 1 0
362 878 1 0
363 893 1 0
363 864 1 0
364 759 1 0
364 681 1 0
364 435 1 0
364 651 1 0
364 760 1 0
364 402 1 0
364 567 1 0
365 465 1 0
365 825 1 0
365 492 1 0
365 473 1 0
365 670 1 0
365 406 1 0
365 677 1 0
365 910 1 0
366 886 1 0
366 647 1 0
366 710 1 0
366 398 1 0
367 603 1 0
367 953 1 0
368 990 1 0
368 824 1 0
368 886 1 0
368 886 1 1732846712
369 899 1 0
369 987 1 0
370 908 1 0
370 922 1 0
370 959 1 0
370 959 1 1732846712
370 417 1 0
370 516 1 0
370 867 1 0
371 751 1 0
371 736 1 0
371 627 1 0
371 893 1 0
372 543 1 0
372 745 1 0
372 492 1 0
372 595 1 0
372 836 1 0
373 521 1 0
373 499 1 0
373 535 1 0
374 771 1 0
374 403 1 0
374 386 1 0
375 798 1 0
375 605 1 0
375 680 1 0
375 968 1 0
375 968 1 1732846712
376 947 1 0
376 931 1 0
376 619 1 0
377 418 1 0
377 536 1 0
377 587 1 0
377 989 1 0
377 833 1 0
377 593 1 0
377 588 1 0
377 819 1 0
378 907 1 0
378 923 1 0
378 764 1 0
378 737 1 0
378 697 1 0
378 822 1 0
379 811 1 0
379 727 1 0
379 836 1 0
379 472 1 0
380 613 1 0
380 742 1 0
380 515 1 0
380 913 1 0
380 412 1 0
381 450 1 0
381 980 1 0
381 980 1 1732846712
381 915 1 0
381 453 1 0
381 742 1 0
381 400 1 0
382 650 1 0
382 445 1 0
382 472 1 0
383 967 1 0
383 905 1 0
383 801 1 0
384 860 1 0
384 870 1 0
384 490 1 0
384 779 1 0
384 779 1 1732846712
385 993 1 0
385 931 1 0
385 931 1 1732846712
385 752 1 0
385 868 1 0
385 706 1 0
385 905 1 0
385 782 1 0
386 867 1 0
386 839 1 0
387 968 1 0
387 986 1 0
388 594 1 0
388 521 1 0
388 926 1 0
388 777 1 0
388 916 1 0
388 961 1 0
388 763 1 0
389 921 1 0
389 649 1 0
389 599 1 0
389 954 1 0
389 783 1 0
390 939 1 0
390 709 1 0
390 585 1 0
391 650 1 0
391 856 1 0
392 438 1 0
392 852 1 0
392 852 1 1732846712
392 817 1 0
392 721 1 0
393 520 1 0
393 753 1 0
393 716 1 0
393 967 1 0
393 839 1 0
393 836 1 0
393 623 1 0
394 551 1 0
394 559 1 0
394 804 1 0
394 411 1 0
394 427 1 0
394 427 1 1732846712
394 412 1 0
395 679 1 0
395 641 1 0
395 892 1 0
395 605 1 0
395 846 1 0
395 623 1 0
395 410 1 0
395 476 1 0
396 580 1 0
396 674 1 0
397 903 1 0
397 753 1 0
397 943 1 0
397 788 1 0
397 817 1 0
397 503 1 0
397 601 1 0
397 470 1 0
397 906 1 0
397 906 1 1732846712
397 704 1 0
398 693 1 0
398 675 1 0
398 438 1 0
399 604 1 0
399 604 1 1732846712
399 637 1 0
399 489 1 0
399 441 1 0
399 606 1 0
399 960 1 0
399 872 1 0
400 739 1 0
400 796 1 0
401 696 1 0
401 857 1 0
401 529 1 0
402 828 1 0
402 515 1 0
403 571 1 0
403 806 1 0
403 471 1 0
403 780 1 0
404 734 1 0
404 816 1 0
404 657 1 0
404 766 1 0
404 586 1 0
404 952 1 0
404 554 1 0
404 554 1 1732846712
404 787 1 0
405 499 1 0
405 639 1 0
405 983 1 0
405 894 1 0
405 985 1 0
405 607 1 0
406 755 1 0
406 504 1 0
407 531 1 0
407 567 1 0
407 951 1 0
407 924 1 0
408 895 1 0
409 584 1 0
409 962 1 0
409 774 1 0
410 532 1 0
410 768 1 0
411 925 1 0
411 707 1 0
411 880 1 0
411 568 1 0
412 829 1 0
412 511 1 0
412 510 1 0
412 883 1 0
413 803 1 0
413 450 1 0
413 651 1 0
414 761 1 0
414 520 1 0
414 450 1 0
414 764 1 0
415 700 1 0
415 856 1 0
416 591 1 0
416 777 1 0
416 763 1 0
417 994 1 0
417 936 1 0
418 778 1 0
418 617 1 0
418 432 1 0
418 761 1 0
418 891 1 0
418 938 1 0
419 514 1 0
419 514 1 1732846712
419 630 1 0
419 630 1 1732846712
419 602 1 0
419 950 1 0
419 959 1 0
419 946 1 0
419 946 1 1732846712
419 490 1 0
420 698 1 0
420 798 1 0
420 752 1 0
420 898 1 0
421 851 1 0
421 847 1 0
421 939 1 0
421 813 1 0
421 687 1 0
421 557 1 0
422 607 1 0
422 627 1 0
422 900 1 0
422 964 1 0
422 550 1 0
422 780 1 0
422 829 1 0
422 826 1 0
422 878 1 0
423 704 1 0
423 709 1 0
423 727 1 0
423 681 1 0
423 753 1 0
423 876 1 0
424 913 1 0
424 945 1 0
424 674 1 0
424 673 1 0
424 818 1 0
425 505 1 0
425 951 1 0
425 570 1 0
425 821 1 0
426 518 1 0
427 889 1 0
427 539 1 0
427 883 1 0
427 743 1 0
428 589 1 0
428 791 1 0
428 734 1 0
428 461 1 0
428 718 1 0
428 568 1 0
428 904 1 0
428 874 1 0
429 530 1 0
429 589 1 0
429 830 1 0
429 585 1 0
429 453 1 0
430 543 1 0
430 543 1 1732846712
430 820 1 0
430 527 1 0
431 683 1 0
431 846 1 0
431 792 1 0
432 498 1 0
432 779 1 0
432 527 1 0
432 497 1 0
433 745 1 0
433 854 1 0
433 558 1 0
433 828 1 0
434 573 1 0
434 482 1 0
434 593 1 0
434 533 1 0
434 911 1 0
434 927 1 0
435 845 1 0
435 707 1 0
435 707 1 1732846712
435 592 1 0
435 439 1 0
436 936 1 0
436 906 1 0
437 593 1 0
437 751 1 0
437 580 1 0
438 598 1 0
438 454 1 0
438 842 1 0
438 616 1 0
438 575 1 0
438 940 1 0
438 967 1 0
438 632 1 0
438 463 1 0
439 993 1 0
439 565 1 0
439 796 1 0
439 901 1 0
439 888 1 0
439 944 1 0
440 778 1 0
440 545 1 0
440 721 1 0
440 574 1 0
441 609 1 0
441 749 1 0
441 807 1 0
441 933 1 0
442 835 1 0
442 536 1 0
442 924 1 0
442 964 1 0
443 721 1 0
443 447 1 0
443 789 1 0
444 562 1 0
444 740 1 0
444 963 1 0
445 916 1 0
445 952 1 0
445 653 1 0
446 569 1 0
447 945 1 0
447 963 1 0
447 632 1 0
447 939 1 0
447 687 1 0
448 538 1 0
448 953 1 0
448 998 1 0
448 745 1 0
448 798 1 0
449 722 1 0
449 748 1 0
449 925 1 0
450 537 1 0
450 512 1 0
450 744 1 0
450 566 1 0
450 702 1 0
451 738 1 0
451 497 1 0
451 863 1 0
452 613 1 0
452 793 1 0
452 611 1 0
452 593 1 0
452 856 1 0
453 672 1 0
453 672 1 1732846712
453 998 1 0
453 718 1 0
453 603 1 0
453 730 1 0
453 460 1 0
453 469 1 0
453 649 1 0
454 932 1 0
454 781 1 0
454 575 1 0
455 829 1 0
455 664 1 0
455 581 1 0
455 608 1 0
455 968 1 0
456 730 1 0
456 467 1 0
457 526 1 0
457 979 1 0
458 505 1 0
458 810 1 0
458 549 1 0
458 623 1 0
459 619 1 0
459 622 1 0
459 527 1 0
459 664 1 0
459 808 1 0
460 676 1 0
460 676 1 1732846712
460 675 1 0
461 768 1 0
461 915 1 0
462 518 1 0
462 839 1 0
462 514 1 0
462 793 1 0
462 664 1 0
462 871 1 0
462 809 1 0
463 921 1 0
463 921 1 1732846712
463 844 1 0
463 881 1 0
463 916 1 0
463 916 1 1732846712
463 867 1 0
463 567 1 0
463 592 1 0
463 988 1 0
464 974 1 0
464 714 1 0
464 686 1 0
464 517 1 0
465 904 1 0
465 961 1 0
465 868 1 0
465 577 1 0
466 766 1 0
466 883 1 0
466 487 1 0
466 859 1 0
467 552 1 0
467 483 1 0
467 961 1 0
468 772 1 0
468 926 1 0
468 659 1 0
468 732 1 0
468 897 1 0
468 524 1 0
468 698 1 0
468 473 1 0
468 473 1 1732846712
469 829 1 0
469 936 1 0
469 890 1 0
469 975 1 0
469 559 1 0
469 561 1 0
469 544 1 0
470 883 1 0
470 986 1 0
470 513 1 0
471 589 1 0
471 968 1 0
471 674 1 0
471 647 1 0
471 761 1 0
471 778 1 0
471 831 1 0
471 562 1 0
471 485 1 0
472 525 1 0
472 700 1 0
472 918 1 0
472 495 1 0
472 779 1 0
472 865 1 0
472 816 1 0
472 904 1 0
473 619 1 0
473 855 1 0
473 832 1 0
473 832 1 1732846712
473 992 1 0
473 916 1 0
474 812 1 0
474 557 1 0
474 708 1 0
474 990 1 0
474 766 1 0
474 501 1 0
474 828 1 0
475 712 1 0
475 894 1 0
476 850 1 0
476 754 1 0
476 983 1 0
476 917 1 0
476 777 1 0
477 873 1 0
477 713 1 0
477 838 1 0
477 686 1 0
477 994 1 0
477 712 1 0
477 712 1 1732846712
477 928 1 0
478 577 1 0
478 758 1 0
478 670 1 0
479 698 1 0
479 510 1 0
479 819 1 0
479 917 1 0
480 487 1 0
480 995 1 0
480 995 1 1732846712
480 673 1 0
480 686 1 0
481 804 1 0
481 629 1 0
482 952 1 0
482 952 1 1732846712
482 916 1 0
482 933 1 0
482 493 1 0
482 517 1 0
483 782 1 0
483 846 1 0
483 954 1 0
483 773 1 0
483 647 1 0
484 750 1 0
484 645 1 0
485 988 1 0
485 832 1 0
485 802 1 0
485 938 1 0
486 596 1 0
486 808 1 0
486 554 1 0
486 554 1 1732846712
486 999 1 0
486 742 1 0
486 991 1 0
487 947 1 0
487 626 1 0
487 626 1 1732846712
487 858 1 0
488 881 1 0
488 919 1 0
488 766 1 0
488 612 1 0
488 793 1 0
488 603 1 0
489 963 1 0
489 619 1 0
489 639 1 0
489 814 1 0
489 920 1 0
490 863 1 0
490 520 1 0
490 592 1 0
490 592 1 1732846712
491 701 1 0
491 509 1 0
491 842 1 0
491 842 1 1732846712
491 511 1 0
492 655 1 0
492 712 1 0
492 840 1 0
492 770 1 0
492 549 1 0
493 996 1 0
493 561 1 0
493 856 1 0
493 951 1 0
493 562 1 0
494 746 1 0
494 663 1 0
494 566 1 0
495 502 1 0
495 923 1 0
495 594 1 0
495 786 1 0
496 698 1 0
496 811 1 0
496 576 1 0
496 909 1 0
496 820 1 0
497 776 1 0
497 636 1 0
497 892 1 0
497 576 1 0
497 863 1 0
498 805 1 0
498 831 1 0
498 793 1 0
498 860 1 0
498 625 1 0
499 733 1 0
499 994 1 0
499 692 1 0
499 539 1 0
499 534 1 0
499 677 1 0
499 962 1 0
499 757 1 0
499 706 1 0
499 858 1 0
500 751 1 0
500 979 1 0
500 644 1 0
500 830 1 0
500 899 1 0
500 643 1 0
500 552 1 0
501 825 1 0
501 505 1 0
501 736 1 0
502 930 1 0
502 771 1 0
502 742 1 0
502 600 1 0
502 538 1 0
502 538 1 1732846712
502 934 1 0
502 897 1 0
502 814 1 0
502 822 1 0
503 595 1 0
503 566 1 0
503 615 1 0
503 542 1 0
504 522 1 0
504 906 1 0
504 906 1 1732846712
505 607 1 0
505 721 1 0
505 919 1 0
506 849 1 0
506 755 1 0
506 992 1 0
506 697 1 0
506 965 1 0
507 721 1 0
507 586 1 0
508 631 1 0
508 887 1 0
508 609 1 0
508 594 1 0
508 782 1 0
509 984 1 0
509 877 1 0
509 625 1 0
511 905 1 0
511 696 1 0
511 851 1 0
511 981 1 0
512 612 1 0
512 933 1 0
512 935 1 0
512 838 1 0
513 684 1 0
514 988 1 0
514 896 1 0
514 720 1 0
514 775 1 0
514 844 1 0
514 650 1 0
514 908 1 0
515 916 1 0
515 996 1 0
516 753 1 0
516 805 1 0
516 901 1 0
517 997 1 0
517 783 1 0
517 627 1 0
517 528 1 0
518 577 1 0
518 603 1 0
518 611 1 0
520 621 1 0
520 993 1 0
521 807 1 0
522 594 1 0
522 985 1 0
522 531 1 0
522 934 1 0
522 981 1 0
523 682 1 0
524 559 1 0
524 619 1 0
524 619 1 1732846712
524 823 1 0
524 759 1 0
524 768 1 0
525 979 1 0
525 598 1 0
525 610 1 0
525 846 1 0
525 767 1 0
525 968 1 0
525 578 1 0
526 920 1 0
526 974 1 0
526 790 1 0
526 998 1 0
526 686 1 0
526 533 1 0
527 626 1 0
527 923 1 0
527 666 1 0
528 745 1 0
528 963 1 0
529 826 1 0
529 851 1 0
529 929 1 0
530 709 1 0
530 547 1 0
530 812 1 0
531 863 1 0
531 776 1 0
531 575 1 0
531 676 1 0
531 823 1 0
531 887 1 0
532 935 1 0
532 642 1 0
532 838 1 0
532 533 1 0
532 716 1 0
532 991 1 0
532 759 1 0
532 787 1 0
532 624 1 0
533 917 1 0
533 869 1 0
533 546 1 0
533 923 1 0
533 895 1 0
534 613 1 0
535 561 1 0
535 603 1 0
536 960 1 0
536 694 1 0
537 926 1 0
538 687 1 0
538 960 1 0
538 760 1 0
538 768 1 0
538 681 1 0
538 778 1 0
539 678 1 0
539 678 1 1732846712
539 783 1 0
539 783 1 1732846712
539 808 1 0
540 987 1 0
540 843 1 0
541 937 1 0
541 689 1 0
541 731 1 0
541 888 1 0
542 883 1 0
542 720 1 0
543 879 1 0
543 862 1 0
543 623 1 0
543 851 1 0
543 927 1 0
543 659 1 0
544 959 1 0
544 913 1 0
544 726 1 0
544 693 1 0
544 611 1 0
545 966 1 0
545 739 1 0
546 752 1 0
547 760 1 0
547 621 1 0
548 848 1 0
549 578 1 0
549 814 1 0
549 831 1 0
549 556 1 0
549 924 1 0
549 946 1 0
549 757 1 0
549 851 1 0
549 729 1 0
550 982 1 0
550 942 1 0
550 555 1 0
551 784 1 0
551 797 1 0
551 707 1 0
551 900 1 0
551 684 1 0
551 564 1 0
551 989 1 0
552 653 1 0
552 902 1 0
552 805 1 0
552 823 1 0
552 978 1 0
553 583 1 0
553 616 1 0
553 636 1 0
553 941 1 0
553 643 1 0
554 727 1 0
554 678 1 0
554 878 1 0
555 937 1 0
556 760 1 0
556 760 1 1732846712
556 837 1 0
556 876 1 0
558 654 1 0
558 707 1 0
558 837 1 0
559 679 1 0
559 950 1 0
559 950 1 1732846712
559 690 1 0
559 634 1 0
559 560 1 0
559 718 1 0
559 566 1 0
559 759 1 0
559 974 1 0
560 638 1 0
560 791 1 0
560 792 1 0
560 919 1 0
560 997 1 0
560 990 1 0
561 959 1 0
561 735 1 0
561 724 1 0
562 760 1 0
562 735 1 0
562 600 1 0
562 768 1 0
563 790 1 0
563 730 1 0
564 843 1 0
564 614 1 0
564 814 1 0
565 864 1 0
565 872 1 0
565 767 1 0
565 720 1 0
565 682 1 0
566 809 1 0
566 640 1 0
567 936 1 0
567 936 1 1732846712
567 623 1 0
568 761 1 0
568 959 1 0
568 633 1 0
569 852 1 0
569 777 1 0
569 967 1 0
569 575 1 0
569 575 1 1732846712
569 715 1 0
570 915 1 0
570 975 1 0
571 684 1 0
571 987 1 0
571 680 1 0
571 680 1 1732846712
571 815 1 0
571 655 1 0
571 685 1 0
571 880 1 0
571 911 1 0
572 651 1 0
572 850 1 0
572 907 1 0
572 734 1 0
573 755 1 0
574 915 1 0
574 765 1 0
574 787 1 0
575 628 1 0
575 621 1 0
575 781 1 0
576 665 1 0
576 795 1 0
576 663 1 0
577 731 1 0
577 863 1 0
577 837 1 0
577 837 1 1732846712
577 659 1 0
577 962 1 0
577 627 1 0
578 716 1 0
578 809 1 0
579 701 1 0
579 602 1 0
579 831 1 0
579 824 1 0
579 757 1 0
580 943 1 0
580 845 1 0
580 642 1 0
580 622 1 0
581 758 1 0
581 998 1 0
581 624 1 0
581 660 1 0
582 755 1 0
582 881 1 0
582 723 1 0
583 993 1 0
583 660 1 0
583 827 1 0
583 805 1 0
583 805 1 1732846712
583 814 1 0
583 703 1 0
583 736 1 0
583 835 1 0
583 840 1 0
585 802 1 0
585 776 1 0
586 776 1 0
586 799 1 0
587 846 1 0
587 717 1 0
587 979 1 0
587 937 1 0
588 729 1 0
588 865 1 0
589 990 1 0
589 817 1 0
589 826 1 0
589 779 1 0
589 976 1 0
589 861 1 0
589 915 1 0
589 852 1 0
590 807 1 0
590 807 1 1732846712
590 698 1 0
590 899 1 0
590 897 1 0
590 897 1 1732846712
591 599 1 0
591 599 1 1732846712
591 624 1 0
591 818 1 0
591 867 1 0
592 790 1 0
592 859 1 0
592 944 1 0
593 749 1 0
593 696 1 0
593 790 1 0
593 916 1 0
593 932 1 0
594 737 1 0
594 850 1 0
594 947 1 0
594 946 1 0
595 755 1 0
595 649 1 0
595 1000 1 0
596 834 1 0
596 809 1 0
596 825 1 0
597 711 1 0
597 672 1 0
597 932 1 0
598 601 1 0
598 697 1 0
598 697 1 1732846712
598 605 1 0
598 742 1 0
599 886 1 0
601 636 1 0
601 689 1 0
601 975 1 0
601 622 1 0
602 683 1 0
602 799 1 0
602 983 1 0
602 763 1 0
604 910 1 0
604 879 1 0
604 902 1 0
604 898 1 0
605 627 1 0
605 642 1 0
605 726 1 0
605 646 1 0
606 863 1 0
606 656 1 0
607 615 1 0
607 787 1 0
607 619 1 0
607 732 1 0
607 908 1 0
607 918 1 0
608 641 1 0
608 667 1 0
608 667 1 1732846712
608 759 1 0
608 759 1 1732846712
608 711 1 0
609 831 1 0
609 764 1 0
609 737 1 0
609 992 1 0
609 867 1 0
610 888 1 0
610 665 1 0
611 755 1 0
611 755 1 1732846712
612 846 1 0
613 715 1 0
613 702 1 0
613 995 1 0
613 623 1 0
614 671 1 0
616 623 1 0
617 733 1 0
617 733 1 1732846712
618 619 1 0
618 917 1 0
618 705 1 0
618 622 1 0
619 978 1 0
619 979 1 0
619 831 1 0
620 913 1 0
620 792 1 0
620 963 1 0
620 889 1 0
621 966 1 0
621 920 1 0
621 774 1 0
621 633 1 0
622 948 1 0
622 776 1 0
622 776 1 1732846712
622 852 1 0
622 852 1 1732846712
622 962 1 0
624 990 1 0
624 983 1 0
624 758 1 0
624 758 1 1732846712
624 733 1 0
624 661 1 0
625 851 1 0
625 997 1 0
625 705 1 0
625 629 1 0
625 642 1 0
625 994 1 0
625 643 1 0
626 716 1 0
626 900 1 0
626 940 1 0
627 912 1 0
627 773 1 0
627 882 1 0
627 808 1 0
627 728 1 0
628 706 1 0
628 793 1 0
628 843 1 0
629 873 1 0
629 771 1 0
629 979 1 0
630 642 1 0
630 716 1 0
630 953 1 0
630 826 1 0
631 840 1 0
631 948 1 0
631 888 1 0
631 741 1 0
632 652 1 0
632 673 1 0
633 643 1 0
633 902 1 0
633 902 1 1732846712
634 975 1 0
635 917 1 0
635 674 1 0
635 947 1 0
636 782 1 0
636 926 1 0
636 962 1 0
636 697 1 0
637 988 1 0
638 760 1 0
639 705 1 0
639 974 1 0
639 917 1 0
640 667 1 0
640 778 1 0
640 937 1 0
640 847 1 0
640 814 1 0
640 982 1 0
641 901 1 0
641 656 1 0
642 950 1 0
643 939 1 0
644 985 1 0
644 844 1 0
644 734 1 0
645 706 1 0
645 954 1 0
645 813 1 0
646 758 1 0
646 872 1 0
647 872 1 0
648 965 1 0
648 681 1 0
648 686 1 0
648 904 1 0
649 852 1 0
649 741 1 0
649 806 1 0
649 731 1 0
650 819 1 0
650 760 1 0
651 928 1 0
652 971 1 0
652 998 1 0
652 758 1 0
652 915 1 0
653 709 1 0
653 906 1 0
654 967 1 0
655 818 1 0
655 842 1 0
655 842 1 1732846712
655 854 1 0
655 985 1 0
656 805 1 0
656 999 1 0
656 967 1 0
656 958 1 0
657 840 1 0
657 874 1 0
657 774 1 0
658 860 1 0
658 791 1 0
658 673 1 0
659 695 1 0
659 913 1 0
660 833 1 0
660 915 1 0
660 944 1 0
661 790 1 0
661 688 1 0
662 901 1 0
662 786 1 0
662 976 1 0
662 790 1 0
663 729 1 0
664 965 1 0
665 972 1 0
666 767 1 0
666 775 1 0
667 866 1 0
668 711 1 0
668 928 1 0
668 833 1 0
668 676 1 0
670 676 1 0
670 969 1 0
670 764 1 0
671 727 1 0
671 855 1 0
671 690 1 0
671 809 1 0
672 814 1 0
673 911 1 0
673 742 1 0
673 839 1 0
673 863 1 0
673 786 1 0
674 855 1 0
674 715 1 0
675 723 1 0
675 917 1 0
676 749 1 0
676 756 1 0
676 781 1 0
677 700 1 0
677 853 1 0
678 896 1 0
678 714 1 0
678 855 1 0
680 703 1 0
680 844 1 0
680 928 1 0
681 699 1 0
681 936 1 0
682 752 1 0
682 857 1 0
682 710 1 0
682 736 1 0
682 905 1 0
683 844 1 0
683 921 1 0
683 690 1 0
684 879 1 0
684 949 1 0
684 786 1 0
685 758 1 0
685 985 1 0
686 724 1 0
686 783 1 0
686 718 1 0
686 802 1 0
686 802 1 1732846712
688 972 1 0
688 973 1 0
688 790 1 0
689 829 1 0
689 760 1 0
689 889 1 0
689 904 1 0
689 812 1 0
690 704 1 0
690 851 1 0
691 832 1 0
691 775 1 0
691 853 1 0
692 831 1 0
692 988 1 0
692 775 1 0
692 726 1 0
693 696 1 0
694 798 1 0
694 833 1 0
694 828 1 0
695 936 1 0
695 711 1 0
695 759 1 0
696 917 1 0
696 836 1 0
696 881 1 0
696 881 1 1732846712
697 860 1 0
698 997 1 0
699 977 1 0
699 977 1 1732846712
699 743 1 0
700 929 1 0
700 981 1 0
700 907 1 0
700 797 1 0
701 727 1 0
701 808 1 0
701 791 1 0
701 885 1 0
702 948 1 0
703 733 1 0
703 788 1 0
703 944 1 0
703 954 1 0
703 954 1 1732846712
704 895 1 0
704 710 1 0
705 899 1 0
705 887 1 0
705 940 1 0
705 799 1 0
706 920 1 0
706 908 1 0
706 982 1 0
707 753 1 0
707 885 1 0
707 900 1 0
707 716 1 0
707 982 1 0
708 852 1 0
708 791 1 0
709 927 1 0
710 758 1 0
710 753 1 0
711 829 1 0
711 903 1 0
711 782 1 0
711 844 1 0
711 938 1 0
711 989 1 0
711 896 1 0
712 823 1 0
712 823 1 1732846712
712 835 1 0
713 868 1 0
713 776 1 0
714 919 1 0
714 911 1 0
715 896 1 0
716 903 1 0
716 926 1 0
716 920 1 0
716 747 1 0
716 831 1 0
718 724 1 0
718 994 1 0
718 824 1 0
719 988 1 0
720 850 1 0
720 769 1 0
720 969 1 0
720 800 1 0
721 918 1 0
723 980 1 0
723 885 1 0
723 998 1 0
724 817 1 0
724 918 1 0
724 905 1 0
725 857 1 0
725 982 1 0
725 809 1 0
726 940 1 0
726 913 1 0
727 976 1 0
727 838 1 0
728 738 1 0
728 816 1 0
729 742 1 0
729 771 1 0
729 769 1 0
730 818 1 0
730 794 1 0
731 780 1 0
731 990 1 0
731 765 1 0
732 858 1 0
732 843 1 0
732 978 1 0
733 962 1 0
733 886 1 0
733 869 1 0
733 869 1 1732846712
733 868 1 0
734 946 1 0
734 889 1 0
735 775 1 0
735 775 1 1732846712
736 909 1 0
736 909 1 1732846712
736 938 1 0
737 881 1 0
737 750 1 0
739 948 1 0
739 902 1 0
740 882 1 0
740 969 1 0
740 880 1 0
740 983 1 0
741 762 1 0
741 800 1 0
741 902 1 0
743 834 1 0
744 781 1 0
744 922 1 0
744 894 1 0
745 898 1 0
745 998 1 0
746 889 1 0
746 805 1 0
746 998 1 0
747 965 1 0
747 977 1 0
749 784 1 0
750 816 1 0
750 849 1 0
750 814 1 0
750 941 1 0
751 760 1 0
751 971 1 0
751 917 1 0
751 966 1 0
751 939 1 0
751 793 1 0
752 792 1 0
752 753 1 0
752 936 1 0
752 976 1 0
752 873 1 0
754 875 1 0
755 756 1 0
757 876 1 0
757 861 1 0
758 977 1 0
758 835 1 0
758 924 1 0
759 855 1 0
759 884 1 0
760 763 1 0
761 992 1 0
761 893 1 0
761 835 1 0
762 911 1 0
762 801 1 0
762 990 1 0
763 940 1 0
763 909 1 0
763 929 1 0
763 965 1 0
763 965 1 1732846712
764 982 1 0
765 819 1 0
766 953 1 0
767 945 1 0
767 898 1 0
768 859 1 0
768 856 1 0
769 928 1 0
769 835 1 0
770 907 1 0
770 840 1 0
770 828 1 0
771 812 1 0
771 971 1 0
772 997 1 0
773 876 1 0
773 877 1 0
774 871 1 0
774 963 1 0
774 865 1 0
775 958 1 0
775 875 1 0
775 1000 1 0
776 816 1 0
777 943 1 0
778 999 1 0
778 900 1 0
780 904 1 0
780 899 1 0
781 953 1 0
783 814 1 0
784 992 1 0
785 984 1 0
786 935 1 0
786 837 1 0
788 895 1 0
788 860 1 0
788 966 1 0
789 997 1 0
790 861 1 0
790 906 1 0
790 951 1 0
791 812 1 0
791 925 1 0
791 869 1 0
792 939 1 0
792 973 1 0
793 986 1 0
793 986 1 1732846712
794 879 1 0
794 841 1 0
795 809 1 0
795 826 1 0
795 941 1 0
796 880 1 0
796 959 1 0
796 953 1 0
796 953 1 1732846712
797 871 1 0
798 845 1 0
798 978 1 0
798 978 1 1732846712
800 809 1 0
801 916 1 0
801 897 1 0
801 812 1 0
801 993 1 0
802 833 1 0
803 889 1 0
803 883 1 0
803 866 1 0
803 950 1 0
803 950 1 1732846712
805 837 1 0
805 937 1 0
806 913 1 0
807 846 1 0
807 823 1 0
808 941 1 0
809 915 1 0
810 928 1 0
810 928 1 1732846712
810 827 1 0
810 958 1 0
810 878 1 0
811 984 1 0
811 913 1 0
811 851 1 0
811 863 1 0
813 905 1 0
813 941 1 0
814 844 1 0
815 893 1 0
816 873 1 0
817 845 1 0
817 935 1 0
818 863 1 0
819 931 1 0
819 931 1 1732846712
819 846 1 0
820 949 1 0
822 910 1 0
823 903 1 0
824 859 1 0
825 941 1 0
825 887 1 0
826 855 1 0
826 869 1 0
828 928 1 0
828 916 1 0
829 952 1 0
830 952 1 0
830 971 1 0
830 841 1 0
832 902 1 0
832 860 1 0
833 914 1 0
833 992 1 0
833 980 1 0
834 971 1 0
835 993 1 0
835 999 1 0
836 984 1 0
836 957 1 0
838 853 1 0
838 967 1 0
838 971 1 0
838 952 1 0
838 950 1 0
841 947 1 0
841 904 1 0
842 970 1 0
843 863 1 0
843 948 1 0
844 968 1 0
845 947 1 0
847 878 1 0
847 999 1 0
847 966 1 0
849 920 1 0
850 977 1 0
850 977 1 1732846712
850 950 1 0
851 942 1 0
851 872 1 0
852 938 1 0
853 917 1 0
854 897 1 0
855 960 1 0
855 981 1 0
856 864 1 0
857 912 1 0
857 997 1 0
857 961 1 0
858 943 1 0
858 871 1 0
859 901 1 0
860 982 1 0
861 966 1 0
862 887 1 0
863 956 1 0
865 993 1 0
866 984 1 0
866 989 1 0
868 937 1 0
868 971 1 0
869 908 1 0
870 987 1 0
870 959 1 0
871 987 1 0
871 994 1 0
872 911 1 0
873 965 1 0
873 948 1 0
873 955 1 0
874 932 1 0
875 896 1 0
876 933 1 0
877 915 1 0
877 931 1 0
878 946 1 0
879 974 1 0
879 968 1 0
880 955 1 0
880 890 1 0
880 920 1 0
880 942 1 0
882 948 1 0
883 896 1 0
884 934 1 0
884 975 1 0
885 996 1 0
888 913 1 0
891 975 1 0
892 976 1 0
893 961 1 0
893 961 1 1732846712
895 903 1 0
897 949 1 0
898 954 1 0
898 987 1 0
898 987 1 1732846712
904 999 1 0
905 938 1 0
906 914 1 0
907 995 1 0
908 923 1 0
909 962 1 0
909 970 1 0
910 964 1 0
911 994 1 0
911 936 1 0
912 954 1 0
913 916 1 0
913 991 1 0
921 993 1 0
924 955 1 0
924 986 1 0
925 938 1 0
928 945 1 0
930 990 1 0
931 999 1 0
931 999 1 1732846712
935 945 1 0
936 944 1 0
948 988 1 0
951 983 1 0
952 979 1 0
953 992 1 0
954 997 1 0
956 993 1 0
958 990 1 0
959 987 1 0
966 981 1 0
967 985 1 0
970 995 1 0
971 980 1 0
976 986 1 0
986 998 1 0
987 996 1 0
988 999 1 0
